  0  0  0  0  0  0  0  0  0  0  0  0  0  0  0  0  0  0  0  0  0  0  0  0  0  0  0  0  0  0  0  0  0  0  0  0  0  0  0  0  0  0  0  0  0  0  0  0  0  0  0  0  0  0  0  0  0  0  0  0  0  0  0  0  0  0  0  0  0  0  0  0  0  0  0  0  0  0  0  0  0  0  0  0  0  0  0  0  0  0  0  0  0  0  0  0  0  0  0  0  0  0  0  0  0  0  0  0  0  0  0  0  0  0  0  0  0  0  0  0  0  0  0  0  0  0  0  0  0  0  0  0  0  0  0  0  0  0  0  0  0  0  0  0  0  0  0  0  0  0  0  0  0  0  0  0  0  0  0  0
  0  0  0  0  0  0  0  0  0  0  0  0  0  0  0  0  0  0  0  0  0  0  0  0  0  0  0  0  0  0  0  0  0  0  0  0  0  0  0  0  0  0  0  0  0  0  0  0  0  0  0  0  0  0  0  0  0  0  0  0  0  0  0  0  0  0  0  0  0  0  0  0  0  0  0  0  0  0  0  0  0  0  0  0  0  0  0  0  0  0  0  0  0  0  0  0  0  0  0  0  0  0  0  0  0  0  0  0  0  0  0  0  0  0  0  0  0  0  0  0  0  0  0  0  0  0  0  0  0  0  0  0  0  0  0  0  0  0  0  0  0  0  0  0  0  0  0  0  0  0  0  0  0  0  0  0  0  0  0  0
  0  0  0  0  0  0  0  0  0  0  0  0  0  0  0  0  0  0  0  0  0  0  0  0  0  0  0  0  0  0  0  0  0  0  0  0  0  0  0  0  0  0  0  0  0  0  0  0  0  0  0  0  0  0  0  0  0  0  0  0  0  0  0  0  0  0  0  0  0  0  0  0  0  0  0  0  0  0  0  0  0  0  0  0  0  0  0  0  0  0  0  0  0  0  0  0  0  0  0  0  0  0  0  0  0  0  0  0  0  0  0  0  0  0  0  0  0  0  0  0  0  0  0  0  0  0  0  0  0  0  0  0  0  0  0  0  0  0  0  0  0  0  0  0  0  0  0  0  0  0  0  0  0  0  0  0  0  0  0  0
  0  0  0  0  0  0  0  0  0  0  0  0  0  0  0  0  0  0  0  0  0  0  0  0  0  0  0  0  0  0  0  0  0  0  0  0  0  0  0  0  0  0  0  0  0  0  0  0  0  0  0  0  0  0  0  0  0  0  0  0  0  0  0  0  0  0  0  0  0  0  0  0  0  0  0  0  0  0  0  0  0  0  0  0  0  0  0  0  0  0  0  0  0  0  0  0  0  0  0  0  0  0  0  0  0  0  0  0  0  0  0  0  0  0  0  0  0  0  0  0  0  0  0  0  0  0  0  0  0  0  0  0  0  0  0  0  0  0  0  0  0  0  0  0  0  0  0  0  0  0  0  0  0  0  0  0  0  0  0  0
  0  0  0  0  0  0  0  0  0  0  0  0  0  0  0  0  0  0  0  0  0  0  0  0  0  0  0  0  0  0  0  0  0  0  0  0  0  0  0  0  0  0  0  0  0  0  0  0  0  0  0  0  0  0  0  0  0  0  0  0  0  0  0  0  0  0  0  0  0  0  0  0  0  0  0  0  0  0  0  0  0  0  0  0  0  0  0  0  0  0  0  0  0  0  0  0  0  0  0  0  0  0  0  0  0  0  0  0  0  0  0  0  0  0  0  0  0  0  0  0  0  0  0  0  0  0  0  0  0  0  0  0  0  0  0  0  0  0  0  0  0  0  0  0  0  0  0  0  0  0  0  0  0  0  0  0  0  0  0  0
  0  0  0  0  0  0  0  0  0  0  0  0  0  0  0  0  0  0  0  0  0  0  0  0  0  0  0  0  0  0  0  0  0  0  0  0  0  0  0  0  0  0  0  0  0  0  0  0  0  0  0  0  0  0  0  0  0  0  0  0  0  0  0  0  0  0  0  0  0  0  0  0  0  0  0  0  0  0  0  0  0  0  0  0  0  0  0  0  0  0  0  0  0  0  0  0  0  0  0  0  0  0  0  0  0  0  0  0  0  0  0  0  0  0  0  0  0  0  0  0  0  0  0  0  0  0  0  0  0  0  0  0  0  0  0  0  0  0  0  0  0  0  0  0  0  0  0  0  0  0  0  0  0  0  0  0  0  0  0  0
  0  0  0  0  0  0  0  0  0  0  0  0  0  0  0  0  0  0  0  0  0  0  0  0  0  0  0  0  0  0  0  0  0  0  0  0  0  0  0  0  0  0  0  0  0  0  0  0  0  0  0  0  0  0  0  0  0  0  0  0  0  0  0  0  0  0  0  0  0  0  0  0  0  0  0  0  0  0  0  0  0  0  0  0  0  0  0  0  0  0  0  0  0  0  0  0  0  0  0  0  0  0  0  0  0  0  0  0  0  0  0  0  0  0  0  0  0  0  0  0  0  0  0  0  0  0  0  0  0  0  0  0  0  0  0  0  0  0  0  0  0  0  0  0  0  0  0  0  0  0  0  0  0  0  0  0  0  0  0  0
  0  0  0  0  0  0  0  0  0  0  0  0  0  0  0  0  0  0  0  0  0  0  0  0  0  0  0  0  0  0  0  0  0  0  0  0  0  0  0  0  0  0  0  0  0  0  0  0  0  0  0  0  0  0  0  0  0  0  0  0  0  0  0  0  0  0  0  0  0  0  0  0  0  0  0  0  0  0  0  0  0  0  0  0  0  0  0  0  0  0  0  0  0  0  0  0  0  0  0  0  0  0  0  0  0  0  0  0  0  0  0  0  0  0  0  0  0  0  0  0  0  0  0  0  0  0  0  0  0  0  0  0  0  0  0  0  0  0  0  0  0  0  0  0  0  0  0  0  0  0  0  0  0  0  0  0  0  0  0  0
  0  0  0  0  0  0  0  0  0  0  0  0  0  0  0  0  0  0  0  0  0  0  0  0  0  0  0  0  0  0  0  0  0  0  0  0  0  0  0  0  0  0  0  0  0  0  0  0  0  0  0  0  0  0  0  0  0  0  0  0  0  0  0  0  0  0  0  0  0  0  0  0  0  0  0  0  0  0  0  0  0  0  0  0  0  0  0  0  0  0  0  0  0  0  0  0  0  0  0  0  0  0  0  0  0  0  0  0  0  0  0  0  0  0  0  0  0  0  0  0  0  0  0  0  0  0  0  0  0  0  0  0  0  0  0  0  0  0  0  0  0  0  0  0  0  0  0  0  0  0  0  0  0  0  0  0  0  0  0  0
  0  0  0  0  0  0  0  0  0  0  0  0  0  0  0  0  0  0  0  0  0  0  0  0  0  0  0  0  0  0  0  0  0  0  0  0  0  0  0  0  0  0  0  0  0  0  0  0  0  0  0  0  0  0  0  0  0  0  0  0  0  0  0  0  0  0  0  0  0  0  0  0  0  0  0  0  0  0  0  0  0  0  0  0  0  0  0  0  0  0  0  0  0  0  0  0  0  0  0  0  0  0  0  0  0  0  0  0  0  0  0  0  0  0  0  0  0  0  0  0  0  0  0  0  0  0  0  0  0  0  0  0  0  0  0  0  0  0  0  0  0  0  0  0  0  0  0  0  0  0  0  0  0  0  0  0  0  0  0  0
  0  0  0  0  0  0  0  0  0  0  0  0  0  0  0  0  0  0  0  0  0  0  0  0  0  0  0  0  0  0  0  0  0  0  0  0  0  0  0  0  0  0  0  0  0  0  0  0  0  0  0  0  0  0  0  0  0  0  0  0  0  0  0  0  0  0  0  0  0  0  0  0  0  0  0  0  0  0  0  0  0  0  0  0  0  0  0  0  0  0  0  0  0  0  0  0  0  0  0  0  0  0  0  0  0  0  0  0  0  0  0  0  0  0  0  0  0  0  0  0  0  0  0  0  0  0  0  0  0  0  0  0  0  0  0  0  0  0  0  0  0  0  0  0  0  0  0  0  0  0  0  0  0  0  0  0  0  0  0  0
  0  0  0  0  0  0  0  0  0  0  0  0  0  0  0  0  0  0  0  0  0  0  0  0  0  0  0  0  0  0  0  0  0  0  0  0  0  0  0  0  0  0  0  0  0  0  0  0  0  0  0  0  0  0  0  0  0  0  0  0  0  0  0  0  0  0  0  0  0  0  0  0  0  0  0  0  0  0  0  0  0  0  0  0  0  0  0  0  0  0  0  0  0  0  0  0  0  0  0  0  0  0  0  0  0  0  0  0  0  0  0  0  0  0  0  0  0  0  0  0  0  0  0  0  0  0  0  0  0  0  0  0  0  0  0  0  0  0  0  0  0  0  0  0  0  0  0  0  0  0  0  0  0  0  0  0  0  0  0  0
  0  0  0  0  0  0  0  0  0  0  0  0  0  0  0  0  0  0  0  0  0  0  0  0  0  0  0  0  0  0  0  0  0  0  0  0  0  0  0  0  0  0  0  0  0  0  0  0  0  0  0  0  0  0  0  0  0  0  0  0  0  0  0  0  0  0  0  0  0  0  0  0  0  0  0  0  0  0  0  0  0  0  0  0  0  0  0  0  0  0  0  0  0  0  0  0  0  0  0  0  0  0  0  0  0  0  0  0  0  0  0  0  0  0  0  0  0  0  0  0  0  0  0  0  0  0  0  0  0  0  0  0  0  0  0  0  0  0  0  0  0  0  0  0  0  0  0  0  0  0  0  0  0  0  0  0  0  0  0  0
  0  0  0  0  0  0  0  0  0  0  0  0  0  0  0  0  0  0  0  0  0  0  0  0  0  0  0  0  0  0  0  0  0  0  0  0  0  0  0  0  0  0  0  0  0  0  0  0  0  0  0  0  0  0  0  0  0  0  0  0  0  0  0  0  0  0  0  0  0  0  0  0  0  0  0  0  0  0  0  0  0  0  0  0  0  0  0  0  0  0  0  0  0  0  0  0  0  0  0  0  0  0  0  0  0  0  0  0  0  0  0  0  0  0  0  0  0  0  0  0  0  0  0  0  0  0  0  0  0  0  0  0  0  0  0  0  0  0  0  0  0  0  0  0  0  0  0  0  0  0  0  0  0  0  0  0  0  0  0  0
  0  0  0  0  0  0  0  0  0  0  0  0  0  0  0  0  0  0  0  0  0  0  0  0  0  0  0  0  0  0  0  0  0  0  0  0  0  0  0  0  0  0  0  0  0  0  0  0  0  0  0  0  0  0  0  0  0  0  0  0  0  0  0  0  0  0  0  0  0  0  0  0  0  0  0  0  0  0  0  0  0  0  0  0  0  0  0  0  0  0  0  0  0  0  0  0  0  0  0  0  0  0  0  0  0  0  0  0  0  0  0  0  0  0  0  0  0  0  0  0  0  0  0  0  0  0  0  0  0  0  0  0  0  0  0  0  0  0  0  0  0  0  0  0  0  0  0  0  0  0  0  0  0  0  0  0  0  0  0  0
  0  0  0  0  0  0  0  0  0  0  0  0  0  0  0  0  0  0  0  0  0  0  0  0  0  0  0  0  0  0255  0  0  0  0  0  0  0  0  0  0  0  0  0  0  0  0  0  0  0  0  0  0  0  0  0  0  0  0  0  0  0  0  0  0  0  0  0  0  0  0  0  0  0  0  0  0  0  0  0  0  0  0  0  0  0  0  0  0  0  0  0  0  0  0  0  0  0  0  0  0  0  0  0  0  0  0  0  0  0  0  0  0  0  0  0  0  0  0  0  0  0  0  0  0  0  0  0  0  0  0  0  0  0  0  0  0  0  0  0  0  0  0  0  0  0  0  0  0  0  0  0  0  0  0  0  0  0  0  0
  0  0  0  0  0  0  0  0  0  0  0  0  0  0  0  0  0  0  0  0  0  0  0  0  0  0  0  0  0  0  0  0  0  0  0  0  0  0  0  0  0  0  0  0  0  0  0  0  0  0  0  0  0  0  0  0  0  0  0  0  0  0  0  0  0  0  0  0  0  0  0  0  0  0  0  0  0  0  0  0  0  0  0  0  0  0  0  0  0  0  0  0  0  0  0  0  0  0  0  0  0  0  0  0  0  0  0  0  0  0  0  0  0  0  0  0  0  0  0  0  0  0  0  0  0  0  0  0  0  0  0  0  0  0  0  0  0  0  0  0  0  0  0  0  0  0  0  0  0  0  0  0  0  0  0  0  0  0  0  0
  0  0  0  0  0  0  0  0  0  0  0  0  0  0  0  0  0  0  0  0  0  0  0  0  0  0  0  0  0  0  0  0  0  0  0  0  0  0  0  0  0  0  0  0  0  0  0  0  0  0  0  0  0  0  0  0  0  0  0  0  0  0  0  0  0  0  0  0  0  0  0  0  0  0  0  0  0  0  0  0  0  0  0  0  0  0  0  0  0  0  0  0  0  0  0  0  0  0  0  0  0  0  0  0  0  0  0  0  0  0  0  0  0  0  0  0  0  0  0  0  0  0  0  0  0  0  0  0  0  0  0  0  0  0  0  0  0  0  0  0  0  0  0  0  0  0  0  0  0  0  0  0  0  0  0  0  0  0  0  0
  0  0  0  0  0  0  0  0  0  0  0  0  0  0  0  0  0  0  0  0  0  0  0  0  0  0  0  0  0  0  0  0  0  0  0  0  0  0  0  0  0  0  0  0  0  0  0  0  0  0255  0  0  0  0  0  0  0  0  0  0  0  0  0  0  0  0  0  0  0  0  0  0  0  0  0  0  0  0  0  0  0  0  0  0  0  0  0  0  0  0  0  0  0  0  0  0  0  0  0  0  0  0  0  0  0  0  0  0  0  0  0  0  0  0  0  0  0  0  0  0  0  0  0  0  0  0  0  0  0  0  0  0  0  0  0  0  0  0  0  0  0  0  0  0  0  0  0  0  0  0  0  0  0  0  0  0  0  0  0
  0  0  0  0  0  0  0  0  0  0  0  0  0  0  0  0  0  0  0  0  0  0  0  0  0  0  0  0  0  0  0  0  0  0  0  0  0  0  0  0  0  0  0  0  0  0  0  0  0  0  0  0  0  0  0  0  0  0  0  0  0  0  0  0  0  0  0  0  0  0  0  0  0  0  0  0  0  0  0  0  0  0  0  0  0  0  0  0  0  0  0  0  0  0  0  0  0  0  0  0  0  0  0  0  0  0  0  0  0  0  0  0  0  0  0  0  0  0  0  0  0  0  0  0  0  0  0  0  0  0  0  0  0  0  0  0  0  0  0  0  0  0  0  0  0  0  0  0  0  0  0  0  0  0  0  0  0  0  0  0
  0  0  0  0  0  0  0  0255255255255255  0  0  0  0  0  0  0  0  0  0  0  0  0  0  0  0  0  0255255255255255255255255255  0  0  0  0  0  0  0  0  0  0  0  0  0  0  0  0  0  0  0  0  0  0  0  0  0  0  0  0  0  0  0  0  0  0  0  0  0  0  0  0  0  0  0  0  0  0  0  0  0  0  0  0  0  0  0  0  0  0  0  0  0  0  0  0  0  0  0  0  0  0  0  0  0  0  0  0  0  0  0  0  0  0  0  0  0  0  0  0  0  0  0  0  0  0  0  0  0  0  0  0  0  0  0  0  0  0  0  0  0  0  0  0  0  0  0  0  0  0  0  0
  0  0  0  0  0  0  0  0  0  0  0  0  0  0  0  0  0  0  0  0  0  0  0  0  0  0  0  0  0  0  0  0  0  0255255255255255255255255255255255  0  0  0  0  0  0  0  0  0  0  0  0  0  0  0  0  0  0  0  0  0  0  0  0  0  0  0  0  0  0  0  0  0  0  0  0  0  0  0  0  0  0  0  0  0  0  0  0  0  0  0  0  0  0  0  0  0  0  0  0  0255255  0  0  0255255255255  0  0  0  0  0  0  0  0  0  0  0  0  0  0  0  0  0  0  0  0  0  0  0  0  0  0  0  0  0  0  0  0  0  0  0  0  0  0  0  0  0  0  0  0  0
  0  0  0  0  0  0  0  0  0  0  0  0  0  0  0  0  0  0  0  0  0  0  0  0  0  0  0  0  0255255255255255255255255255  0  0  0  0  0  0255255255255255255  0  0  0  0  0  0  0  0255255255255255255255255255255255255255255255255255255255255255255255  0  0  0  0255  0  0  0  0  0  0  0  0  0  0  0  0  0  0  0  0  0  0  0  0  0  0  0  0  0  0  0  0  0  0  0  0  0  0  0  0  0  0  0  0  0  0  0  0  0  0  0  0  0  0  0  0  0  0  0  0  0  0  0  0  0  0  0  0  0  0  0  0  0  0  0  0  0  0
  0  0  0  0  0  0255255255255255255255255255  0  0  0  0  0  0  0  0  0  0  0  0  0  0  0  0  0  0  0  0  0  0  0  0  0  0  0  0  0  0  0  0  0  0  0  0  0  0  0  0  0  0  0  0  0  0  0  0  0  0  0  0  0  0255  0  0  0  0  0  0  0  0  0  0  0  0  0  0  0  0  0  0  0  0255255255255  0  0255255255255255255255  0  0  0  0  0  0  0  0  0  0  0  0  0  0  0  0  0  0  0  0  0  0  0  0  0  0  0  0  0  0  0  0  0  0  0  0  0  0  0  0  0  0  0  0  0  0  0  0  0  0  0  0  0  0  0  0  0
  0  0  0  0  0  0  0  0  0  0  0  0  0  0  0  0  0  0  0  0  0  0  0  0  0  0  0  0  0  0  0  0  0  0  0  0  0  0  0  0  0  0  0  0  0  0  0  0  0  0  0  0  0  0  0  0  0  0  0  0  0  0  0  0  0  0255255255255  0  0  0  0  0  0  0  0  0  0  0  0  0  0  0  0  0  0  0  0  0  0  0  0  0  0  0  0255255255255255255255255255255255255  0  0  0  0  0  0  0  0  0  0  0  0  0  0  0  0  0  0  0  0  0  0  0  0  0  0  0  0  0  0  0  0  0  0  0  0  0  0  0  0  0  0  0  0  0  0  0  0  0  0
  0  0  0  0  0  0  0  0  0  0  0  0  0  0  0  0  0  0  0  0  0  0  0  0  0  0  0  0  0  0  0  0  0  0  0  0  0  0  0  0  0  0  0  0  0  0  0  0  0  0  0  0  0  0  0  0  0  0  0  0  0  0  0  0  0  0  0  0  0  0  0  0  0  0  0  0  0  0  0  0  0  0  0  0  0  0  0  0  0  0  0  0  0  0  0  0  0  0  0  0255255255255255255  0255255255255255255255  0  0  0  0  0  0  0  0  0  0  0  0  0  0  0  0  0  0  0  0  0  0  0  0  0  0  0  0  0  0  0  0  0  0  0  0  0  0  0  0  0  0  0  0  0  0
255255255255255255255255255255255255255255  0  0  0  0  0  0  0  0  0  0  0  0  0  0  0  0  0  0  0  0  0  0  0  0  0  0  0  0  0  0  0  0  0  0  0  0  0  0  0  0  0  0  0  0  0  0  0  0  0  0  0  0  0  0  0  0  0  0  0  0  0  0  0  0  0  0  0  0  0  0  0  0  0  0  0  0  0  0  0  0  0  0  0  0  0  0  0  0255255255255255255255255255255255255255255255  0  0  0  0  0  0  0  0  0  0  0  0  0  0  0  0  0  0  0  0  0  0  0  0  0  0  0  0  0  0  0  0  0  0  0  0  0  0  0  0  0  0  0
255255255255255255255255255255255255255255255255255255255255255255255255255255255255255255255255255255255255255255255255  0  0  0  0  0  0  0  0  0  0  0  0  0255255255255255255  0255255255  0  0  0  0  0  0  0  0  0  0  0  0  0  0  0  0  0  0  0  0  0  0  0  0  0  0  0  0  0  0  0  0  0  0  0  0  0  0  0  0255255255255255255255255255255255255255255255255255  0  0  0  0  0  0  0  0  0  0  0  0  0  0  0  0  0  0  0  0  0  0  0  0  0  0  0  0  0  0  0  0  0  0  0  0  0  0  0  0
255255255255255255255255255255255255255255255255255255255255255255255255255255255255255255255255255255255255255255255255  0  0  0  0  0  0  0  0  0  0255255255255255255255255255255255  0255255255255255255255255255255255255255  0  0  0  0  0  0  0  0  0  0  0  0  0  0  0  0  0  0  0  0  0  0  0  0  0  0  0  0  0  0  0255255255255255255255255255255255255255255255255255255  0  0  0  0  0  0  0  0  0  0  0  0  0  0  0  0  0  0  0  0  0  0  0  0  0  0  0  0  0  0  0  0  0  0  0  0
255255255255255255255255255255255255255255255255255255255255255255255255255255255  0  0  0  0  0  0  0  0  0  0  0  0  0  0  0  0  0  0  0  0  0  0  0  0  0  0  0  0  0  0  0  0  0  0255255255255255255255255255255255255255255255255  0255255255255  0  0  0  0  0  0  0  0  0  0  0  0  0  0  0  0  0  0  0  0  0  0  0  0  0  0  0255255255255255255255255255255255255255255255255255255255255255255255  0  0  0  0  0  0  0  0  0  0  0  0  0  0  0  0  0255255255255255255255  0  0  0  0
255255255255255255255255255255255255255255255255255255255255255255255255255  0  0  0  0  0  0  0  0  0  0  0  0  0  0  0  0  0  0  0  0  0  0  0  0  0  0  0  0  0  0  0  0  0  0  0  0  0255255255255255255255255255255255255255255255255255255255255255255255255  0  0  0  0  0  0  0  0  0  0  0  0  0  0  0  0  0  0  0  0  0  0  0255255255255255255255255255255255255255255255  0255  0  0  0  0  0  0  0  0  0  0  0  0  0  0  0  0  0  0  0  0  0  0  0  0  0  0  0255255255255255255255
255255255255255255255255255255255255255255255255255255255255255255255  0  0  0  0  0  0  0  0  0  0  0  0  0  0  0  0  0  0  0  0  0  0  0  0  0  0  0  0  0  0  0  0  0  0  0  0  0  0  0  0255255255255255255255255255255255255255255255255255255255255255255255255255255  0  0  0  0  0  0  0  0  0  0  0  0  0  0  0  0  0  0  0  0  0  0255255255255255255255255255255255255255255255255  0  0  0  0  0  0  0  0  0  0  0  0  0  0  0  0  0  0  0  0  0  0  0  0  0  0  0  0255255255255255
255255255255255255255255255255255255255255  0  0  0  0255255255255  0  0255  0  0  0  0  0  0  0  0  0  0  0  0  0  0  0  0  0  0  0  0  0  0  0  0  0  0  0  0  0  0  0  0  0  0  0  0  0  0  0  0255255255255255255255  0255255255255255255255255255255255255255255255255255255  0  0  0  0  0  0  0  0  0  0  0  0  0  0  0  0  0  0  0  0  0  0  0255255255255255255255255255255255255255  0  0  0  0  0  0  0  0  0  0  0  0  0  0  0  0  0  0  0  0  0  0  0  0  0  0  0  0  0  0255255255
255255255255255255255255255255  0  0  0  0  0  0  0  0  0  0  0  0  0  0  0  0  0  0  0  0  0  0  0  0  0  0  0  0  0  0  0  0  0  0  0  0  0  0  0  0  0  0  0  0  0  0  0  0  0  0  0  0  0  0  0255255255255255255255255255255255255255255255255255255255255255255255255255255255  0  0  0  0  0  0  0  0  0  0  0  0  0  0  0  0  0  0  0  0  0  0  0  0  0255255255255255255  0  0  0  0  0  0  0  0  0  0  0  0  0  0  0  0  0  0  0  0  0  0  0  0  0  0  0  0  0  0  0  0  0  0  0  0255
255255255255  0  0  0  0  0  0  0  0  0  0  0  0  0  0  0  0  0  0  0  0  0  0  0  0  0  0  0  0  0  0  0  0  0  0  0  0  0  0  0  0  0  0  0  0  0  0  0  0  0  0  0  0  0  0  0  0  0  0  0  0255255255255255255255255255255255255255255255255255255255255255255255255255255255255255  0  0  0  0  0  0  0  0  0  0  0  0  0  0  0  0  0  0  0  0  0  0  0  0  0  0255255  0  0  0  0  0  0  0  0  0  0  0  0  0  0  0  0  0  0  0  0  0  0  0  0  0  0  0  0  0  0  0  0  0  0  0  0  0  0  0
  0  0  0  0  0  0  0  0  0  0  0  0  0  0  0  0  0  0  0  0  0  0  0  0  0  0  0  0  0  0  0  0  0  0  0  0  0  0  0  0  0  0  0  0  0  0  0  0  0  0  0  0  0  0  0  0  0  0  0  0  0  0  0255255255255255255255255255255255255255255255  0255255255255255255255255255255255255255255255  0  0  0  0  0  0  0  0  0  0  0  0  0  0  0  0  0  0  0  0  0  0  0  0  0  0  0  0  0  0  0  0  0  0  0  0  0  0  0  0  0  0  0  0  0  0  0  0  0  0  0  0  0  0  0  0  0  0  0  0  0  0  0  0  0  0
  0  0  0  0  0  0  0  0  0  0  0  0  0  0  0  0  0  0  0  0  0  0  0  0  0  0  0  0  0  0  0  0  0  0  0  0  0  0  0  0  0  0  0  0  0  0  0  0  0  0  0  0  0  0  0  0  0  0  0  0  0  0255255255255255255255255255255255255255255255255  0255255255255255255255255255255255255255255255255  0  0  0  0  0  0  0  0  0  0  0  0  0  0  0  0  0  0  0  0  0  0  0  0  0  0  0  0  0  0  0  0  0  0  0  0  0  0  0  0  0  0  0  0  0  0  0  0  0  0  0  0  0  0  0  0  0  0  0  0  0  0  0  0  0
  0  0  0  0  0  0  0  0  0  0  0  0  0  0  0  0  0  0  0  0  0  0  0  0  0  0  0  0  0  0  0  0  0  0  0  0  0  0  0  0  0  0  0  0  0  0  0  0  0  0  0  0  0  0  0  0  0  0  0  0  0255255255255255255255255255255255255255255255255255  0255255255255255255255255255255255255255255255255255  0  0  0  0  0  0  0  0  0  0  0  0  0  0  0  0  0  0  0  0  0  0  0  0  0  0  0  0  0  0  0  0  0  0  0  0  0  0  0  0  0  0  0  0  0  0  0  0  0  0  0  0  0  0  0  0  0  0  0  0  0  0  0  0
  0  0  0  0  0  0  0  0  0  0  0  0  0  0  0  0  0  0  0  0  0  0  0  0  0  0  0  0  0  0  0  0  0  0  0  0  0  0  0  0  0  0  0  0  0  0  0  0  0  0  0  0  0  0  0  0  0  0  0  0  0255255255255255255255255255255255255255255255255255  0255255255255255255255255255255255255255255255255255  0  0  0  0  0  0  0  0  0  0  0  0  0  0  0  0  0  0  0  0  0  0  0  0  0  0  0  0  0  0  0  0  0  0  0  0  0  0  0  0  0  0  0  0  0  0  0  0  0  0  0  0  0  0  0  0  0  0  0  0  0  0  0  0
  0  0  0  0  0  0  0  0  0  0  0  0  0  0  0  0  0  0  0  0  0  0  0  0  0  0  0  0  0  0  0  0  0  0  0  0  0  0  0  0  0  0  0  0  0  0  0  0  0  0  0  0  0  0  0  0  0  0  0  0255255255255255255255255255255255255255255255255255255  0255255255255255255255255255255255255255255255255255255  0  0  0  0  0  0  0  0  0  0  0  0  0  0  0  0  0  0  0  0  0  0  0  0  0  0  0  0  0  0  0  0  0  0  0  0  0  0  0  0  0  0  0  0  0  0  0  0  0  0  0  0  0  0  0  0  0  0  0  0  0  0  0
  0  0  0  0  0  0  0  0  0  0  0  0  0  0  0  0  0  0  0  0  0  0  0  0  0  0  0  0  0  0  0  0  0  0  0  0  0  0  0  0  0  0  0  0  0  0  0  0  0  0  0  0  0  0  0  0  0  0  0255255255255255255255255255255255255255255255255255255255  0255255255255255255255255255255255255255255255255255255255  0  0  0  0  0  0  0  0  0  0  0  0  0  0  0  0  0  0  0  0  0  0  0  0  0  0  0  0  0  0  0  0  0  0  0  0  0  0  0  0  0  0  0  0  0  0  0  0  0  0  0  0  0  0  0  0  0  0  0  0  0  0
  0  0  0  0  0  0  0  0  0  0  0  0  0  0  0  0  0  0  0  0  0  0  0  0  0  0  0  0  0  0  0  0  0  0  0  0  0  0  0  0  0  0  0  0  0  0  0  0  0  0  0  0  0  0  0  0  0  0  0255255255255255255255255255255255255255255255255255255255  0255255255255255255255255255255255255255255255255255255255  0  0  0  0  0  0  0  0  0  0  0  0  0  0  0  0  0  0  0  0  0  0  0  0  0  0  0  0  0  0  0  0  0  0  0  0  0  0  0  0  0  0  0  0  0  0  0  0  0  0  0  0  0  0  0  0  0  0  0  0  0  0
  0  0  0  0  0  0  0  0  0  0  0  0  0  0  0  0  0  0  0  0  0  0  0  0  0  0  0  0  0  0  0  0  0  0  0  0  0  0  0  0  0  0  0  0  0  0  0  0  0  0  0  0  0  0  0  0  0  0255255255255255255255255255255255255255255255255255255255255  0255255255255255255255255255255255255255255255255255255255255  0  0  0  0  0  0  0  0  0  0  0  0  0  0  0  0  0  0  0  0  0  0  0  0  0  0  0  0  0  0  0  0  0  0  0  0  0  0  0  0  0  0  0  0  0  0  0  0  0  0  0  0  0  0  0  0  0  0  0  0  0
  0  0  0  0  0  0  0  0  0  0  0  0  0  0  0  0  0  0  0  0  0  0  0  0  0  0  0  0  0  0  0  0  0  0  0  0  0  0  0  0  0  0  0  0  0  0  0  0  0  0  0  0  0  0  0  0  0255255255255255255255255255255255255255  0255255255255255255255  0255255255255255255255255  0255255255255255255255255255255255255  0  0  0  0  0  0  0  0  0  0  0  0  0  0  0  0  0  0  0  0  0  0  0  0  0  0  0  0  0  0  0  0  0  0  0  0  0  0  0  0  0  0  0  0  0  0  0  0  0  0  0  0  0  0  0  0  0  0  0  0
  0  0  0  0  0  0  0  0  0  0  0  0  0  0  0  0  0  0  0  0  0  0  0  0  0  0  0  0  0  0  0  0  0  0  0  0  0  0  0  0  0  0  0  0  0  0  0  0  0  0  0  0  0  0  0  0255255255255255255255255255255255255255255  0255255  0  0255255  0  0  0255255255255  0255255  0  0255255255255255255255255255255255255  0  0  0  0  0  0  0  0  0  0  0  0  0  0  0  0  0  0  0  0  0  0  0  0  0  0  0  0  0  0  0  0  0  0  0  0  0  0  0  0  0  0  0  0  0  0  0  0  0  0  0  0  0  0  0  0  0  0  0
  0  0  0  0  0  0  0  0  0  0  0  0  0  0  0  0  0  0  0  0  0  0  0  0  0  0  0  0  0  0  0  0  0  0  0  0  0  0  0  0  0  0  0  0  0  0  0  0  0  0  0  0  0  0  0  0255255255255255255255255255255255255255255  0255255  0  0  0  0  0  0  0255255  0  0  0  0255255  0255255255255255255255255255255255255  0  0  0  0  0  0  0  0  0  0  0  0  0  0  0  0  0  0  0  0  0  0  0  0  0  0  0  0  0  0  0  0  0  0  0  0  0  0  0  0  0  0  0  0  0  0  0  0  0  0  0  0  0  0  0  0  0  0  0
  0  0  0  0  0  0  0  0  0  0  0  0  0  0  0  0  0  0  0  0  0  0  0  0  0  0  0  0  0  0  0  0  0  0  0  0  0  0  0  0  0  0  0  0  0  0  0  0  0  0  0  0  0  0  0255255255255255255255255255255255255255255255  0255255  0  0  0  0  0  0255255  0255255  0  0255255  0  0255255255255255255255255255255255255  0  0  0  0  0  0  0  0  0  0  0  0  0  0  0  0  0  0  0  0  0  0  0  0  0  0  0  0  0  0  0  0  0  0  0  0  0  0  0  0  0  0  0  0  0  0  0  0  0  0  0  0  0  0  0  0  0  0
  0  0  0  0  0  0  0  0  0  0  0  0  0  0  0  0  0  0  0  0  0  0  0  0  0  0  0  0  0  0  0  0  0  0  0  0  0  0  0  0  0  0  0  0  0  0  0  0  0  0  0  0  0  0255255255255255255255255255255255255255255255  0  0255255255255255255255  0255255255255255255255255255255  0255255255255255255255255255255255255255  0  0  0  0  0  0  0  0  0  0  0  0  0  0  0  0  0  0  0  0  0  0  0  0  0  0  0  0  0  0  0  0  0  0  0  0  0  0  0  0  0  0  0  0  0  0  0  0  0  0  0  0  0  0  0  0  0
  0  0  0  0  0  0  0  0  0  0  0  0  0  0  0  0  0  0  0  0  0  0  0  0  0  0  0  0  0  0  0  0  0  0  0  0  0  0  0  0  0  0  0  0  0  0  0  0  0  0  0  0  0255255255255255255255255255255255255255255255255255255255255255255255255255  0255255255255255255255255255255255255255255255255255255255255255255255255255  0  0  0  0  0  0  0  0  0  0  0  0  0  0  0  0  0  0  0  0  0  0  0  0  0  0  0  0  0  0  0  0  0  0  0  0  0  0  0  0  0  0  0  0  0  0  0  0  0  0  0  0  0  0  0  0
  0  0  0  0  0  0  0  0  0  0  0  0  0  0  0  0  0  0  0  0  0  0  0  0  0  0  0  0  0  0  0  0  0  0  0  0  0  0  0  0  0  0  0  0  0  0  0  0  0  0  0  0  0255255255255255255255255255255255255255255255255255255255255255255255255255  0255255255255255255255255255255255255255255255255255255255255255255255255255  0  0  0  0  0  0  0  0  0  0  0  0  0  0  0  0  0  0  0  0  0  0  0  0  0  0  0  0  0  0  0  0  0  0  0  0  0  0  0  0  0  0  0  0  0  0  0  0  0  0  0  0  0  0  0  0
  0  0  0  0  0  0  0  0  0  0  0  0  0  0  0  0  0  0  0  0  0  0  0  0  0  0  0  0  0  0  0  0  0  0  0  0  0  0  0  0  0  0  0  0  0  0  0  0  0  0  0  0255255255255255255255255255255255255255255255255255255255255255255255255255255  0255255255255255255255255255255255255255255255255255255255255255255255255255255  0  0  0  0  0  0  0  0  0  0  0  0  0  0  0  0  0  0  0  0  0  0  0  0  0  0  0  0  0  0  0  0  0  0  0  0  0  0  0  0  0  0  0  0  0  0  0  0  0  0  0  0  0  0  0
  0  0  0  0  0  0  0  0  0  0  0  0  0  0  0  0  0  0  0  0  0  0  0  0  0  0  0  0  0  0  0  0  0  0  0  0  0  0  0  0  0  0  0  0  0  0  0  0  0  0  0255255255255255255255255255255255255255255255255255255255255255255255255255255255  0255255255255255255255255255255255255255255255255255255255255255255255255255255255  0  0  0  0  0  0  0  0  0  0  0  0  0  0  0  0  0  0  0  0  0  0  0  0  0  0  0  0  0  0  0  0  0  0  0  0  0  0  0  0  0  0  0  0  0  0  0  0  0  0  0  0  0  0
  0  0  0  0  0  0  0  0  0  0  0  0  0  0  0  0  0  0  0  0  0  0  0  0  0  0  0  0  0  0  0  0  0  0  0  0  0  0  0  0  0  0  0  0  0  0  0  0  0  0255255255255255255255255255255255255255255255255255255255255255255255255255255255255  0255255255255255255255255255255255255255255255255255255255255255255255255255255255255  0  0  0  0  0  0  0  0  0  0  0  0  0  0  0  0  0  0  0  0  0  0  0  0  0  0  0  0  0  0  0  0  0  0  0  0  0  0  0  0  0  0  0  0  0  0  0  0  0  0  0  0  0
  0  0  0  0  0  0  0  0  0  0  0  0  0  0  0  0  0  0  0  0  0  0  0  0  0  0  0  0  0  0  0  0  0  0  0  0  0  0  0  0  0  0  0  0  0  0  0  0  0255255255255255255255255255255255255255255255255255255255255255255255255255255255255  0255255255255255255255255255255255255255255255255255255255255255255255255255255255255255  0  0  0  0  0  0  0  0  0  0  0  0  0  0  0  0  0  0  0  0  0  0  0  0  0  0  0  0  0  0  0  0  0  0  0  0  0  0  0  0  0  0  0  0  0  0  0  0  0  0  0  0  0
  0  0  0  0  0  0  0  0  0  0  0  0  0  0  0  0  0  0  0  0  0  0  0  0  0  0  0  0  0  0  0  0  0  0  0  0  0  0  0  0  0  0  0  0  0  0  0  0  0255255255255255255255255255255255255255255255255255255255255255255255255255255255255255  0255255255255255255255255255255255255255255255255255255255255255255255255255255255255255  0  0  0  0  0  0  0  0  0  0  0  0  0  0  0  0  0  0  0  0  0  0  0  0  0  0  0  0  0  0  0  0  0  0  0  0  0  0  0  0  0  0  0  0  0  0  0  0  0  0  0  0
  0  0  0  0  0  0  0  0  0  0  0  0  0  0  0  0  0  0  0  0  0  0  0  0  0  0  0  0  0  0  0  0  0  0  0  0  0  0  0  0  0  0  0  0  0  0  0  0255255255255255255255255255255255255255255255255255255255255255255255255255255255255255255  0255255255255255255255255255255255255255255255255255255255255255255255255255255255255255255  0  0  0  0  0  0  0  0  0  0  0  0  0  0  0  0  0  0  0  0  0  0  0  0  0  0  0  0  0  0  0  0  0  0  0  0  0  0  0  0  0  0  0  0  0  0  0  0  0  0  0
  0  0  0  0  0  0  0  0  0  0  0  0  0  0  0  0  0  0  0  0  0  0  0  0  0  0  0  0  0  0  0  0  0  0  0  0  0  0  0  0  0  0  0  0  0  0  0255255255255255255255255255255255255255255255255255255255255255255255255255255255255255255255  0255255255255255255255255255255255255255255255255255255255255255255255255255255255255255255255  0  0  0  0  0  0  0  0  0  0  0  0  0  0  0  0  0  0  0  0  0  0  0  0  0  0  0  0  0  0  0  0  0  0  0  0  0  0  0  0  0  0  0  0  0  0  0  0  0  0
  0  0  0  0  0  0  0  0  0  0  0  0  0  0  0  0  0  0  0  0  0  0  0  0  0  0  0  0  0  0  0  0  0  0  0  0  0  0  0  0  0  0  0  0  0  0255255255255255255255255255255255255255255255255255255255255255255255255255255255255255255255  0255255255255255255255255255255255255255255255255255255255255255255255255255255255255255255255255  0  0  0  0  0  0  0  0  0  0  0  0  0  0  0  0  0  0  0  0  0  0  0  0  0  0  0  0  0  0  0  0  0  0  0  0  0  0  0  0  0  0  0  0  0  0  0  0  0  0
  0  0  0  0  0  0  0  0  0  0  0  0  0  0  0  0  0  0  0  0  0  0  0  0  0  0  0  0  0  0  0  0  0  0  0  0  0  0  0  0  0  0  0  0  0  0255255255255255255255255255255255255255255255255255255255255255255255255255255255255255255255255  0255255255255255255255255255255255255255255255255255255255255255255255255255255255255255255255255  0  0  0  0  0  0  0  0  0  0  0  0  0  0  0  0  0  0  0  0  0  0  0  0  0  0  0  0  0  0  0  0  0  0  0  0  0  0  0  0  0  0  0  0  0  0  0  0  0
  0  0  0  0  0  0  0  0  0  0  0  0  0  0  0  0  0  0  0  0  0  0  0  0  0  0  0  0  0  0  0  0  0  0  0  0  0  0  0  0  0  0  0  0  0255255255255255255255255255255255255255255255255255255255255255255255255255255255255255255255255255  0255255255255255255255255255255255255255255255255255255255255255255255255255255255255255255255255255  0  0  0  0  0  0  0  0  0  0  0  0  0  0  0  0  0  0  0  0  0  0  0  0  0  0  0  0  0  0  0  0  0  0  0  0  0  0  0  0  0  0  0  0  0  0  0  0
  0  0  0  0  0  0  0  0  0  0  0  0  0  0  0  0  0  0  0  0  0  0  0  0  0  0  0  0  0  0  0  0  0  0  0  0  0  0  0  0  0  0  0  0  0  0  0  0  0  0  0  0  0  0  0255255255255255255255255255255255255255255255255255255255255255255255255255255255255255255255255255  0255255255255255255255255255255255255255255255255255255255255255255255255255255255255255255255255255255  0  0  0  0  0  0  0  0  0  0  0  0  0  0  0  0  0  0  0  0  0  0  0  0  0  0  0  0  0  0  0  0  0  0  0  0  0
  0  0  0  0  0  0  0  0  0  0  0  0  0  0  0  0  0  0  0  0  0  0  0  0  0  0  0  0  0  0  0  0  0  0  0  0  0  0  0  0  0  0  0  0  0  0  0  0  0  0  0  0  0  0255255255255255255255255255255255255255255255255255255255255255255255255255255255255255255255255255255  0255255255255255255255255255255255255255255255255255255255255255255255255255255255255255255255255255255255  0  0  0  0  0  0  0  0  0  0  0  0  0  0  0  0  0  0  0  0  0  0  0  0  0  0  0  0  0  0  0  0  0  0  0  0
  0  0  0  0  0  0  0  0  0  0  0  0  0  0  0  0  0  0  0  0  0  0  0  0  0  0  0  0  0  0  0  0  0  0  0  0  0  0  0  0  0  0  0  0  0  0  0  0  0  0  0  0  0255255255255255255255255255255255255255255255255255255255255255255255255255255255255255255255255255255255  0255255255255255255255255255255255255255255255255255255255255255255255255255255255255255255255255255255255255  0  0  0  0  0  0  0  0  0  0  0  0  0  0  0  0  0  0  0  0  0  0  0  0  0  0  0  0  0  0  0  0  0  0  0
  0  0  0  0  0  0  0  0  0  0  0  0  0  0  0  0  0  0  0  0  0  0  0  0  0  0  0  0  0  0  0  0  0  0  0  0  0  0  0  0  0  0  0  0  0  0  0  0  0  0  0  0  0255255255255255255255255255255255255255255255255255255255255255255255255255255255255255255255255255255255255  0255255255255255255255255255255255255255255255255255255255255255255255255255255255255255255255255255255255255  0  0  0  0  0  0  0  0  0  0  0  0  0  0  0  0  0  0  0  0  0  0  0  0  0  0  0  0  0  0  0  0  0  0
  0  0  0  0  0  0  0  0  0  0  0  0  0  0  0  0  0  0  0  0  0  0  0  0  0  0  0  0  0  0  0  0  0  0  0  0  0  0  0  0  0  0  0  0  0  0  0  0  0  0  0  0255255255255255255255255255255255255255255255255255255255255255255255255255255255255255255255255255255255255  0255255255255255255255255255255255255255255255255255255255255255255255255255255255255255255255255255255255255255  0  0  0  0  0  0  0  0  0  0  0  0  0  0  0  0  0  0  0  0  0  0  0  0  0  0  0  0  0  0  0  0  0  0
  0  0  0  0  0  0  0  0  0  0  0  0  0  0  0  0  0  0  0  0  0  0  0  0  0  0  0  0  0  0  0  0  0  0  0  0  0  0  0  0  0  0  0  0  0  0  0  0  0  0  0  0255255255255255255255255255255255255255255255255255255255255255255255255255255255255255255255255255255255255255  0255255255255255255255255255255255255255255255255255255255255255255255255255255255255255255255255255255255255255  0  0  0  0  0  0  0  0  0  0  0  0  0  0  0  0  0  0  0  0  0  0  0  0  0  0  0  0  0  0  0  0  0
  0  0  0  0  0  0  0  0  0  0  0  0  0  0  0  0  0  0  0  0  0  0  0  0  0  0  0  0  0  0  0  0  0  0  0  0  0  0  0  0  0  0  0  0  0  0  0  0  0  0  0255255255255255255255255255255255255255255255255255255255255255255255255255255255255255255255255255255255255255255  0255255255255255255255255255255255255255255255255255255255255255255255255255255255255255255255255255255255255255255  0  0  0  0  0  0  0  0  0  0  0  0  0  0  0  0  0  0  0  0  0  0  0  0  0  0  0  0  0  0  0  0
  0  0  0  0  0  0  0  0  0  0  0  0  0  0  0  0  0  0  0  0  0  0  0  0  0  0  0  0  0  0  0  0  0  0  0  0  0  0  0  0  0  0  0  0  0  0  0  0  0  0255255255255255255255255255255255255255255255255255255255255255255255255255255255255255255255255255255255255255255  0255255255255255255255255255255255255255255255255255255255255255255255255255255255255255255255255255255255255255255255  0  0  0  0  0  0  0  0  0  0  0  0  0  0  0  0  0  0  0  0  0  0  0  0  0  0  0  0  0  0  0  0
  0  0  0  0  0  0  0  0  0  0  0  0  0  0  0  0  0  0  0  0  0  0  0  0  0  0  0  0  0  0  0  0  0  0  0  0  0  0  0  0  0  0  0  0  0  0  0  0  0255255255255255255255255255255255255255255255255255255255255255255255255255255255255255255255255255255255255255255255  0255255255255255255255255255255255255255255255255255255255255255255255255255255255255255255255255255255255255255255255255  0  0  0  0  0  0  0  0  0  0  0  0  0  0  0  0  0  0  0  0  0  0  0  0  0  0  0  0  0  0  0
  0  0  0  0  0  0  0  0  0  0  0  0  0  0  0  0  0  0  0  0  0  0  0  0  0  0  0  0  0  0  0  0  0  0  0  0  0  0  0  0  0  0  0  0  0  0  0  0  0255255255255255255255255255255255255255255255255255255255255255255255255255255255255255255255255255255255255255255255255  0255255255255255255255255255255255255255255255255255255255255255255255255255255255255255255255255255255255255255255255255  0  0  0  0  0  0  0  0  0  0  0  0  0  0  0  0  0  0  0  0  0  0  0  0  0  0  0  0  0  0
  0  0  0  0  0  0  0  0  0  0  0  0  0  0  0  0  0  0  0  0  0  0  0  0  0  0  0  0  0  0  0  0  0  0  0  0  0  0  0  0  0  0  0  0  0  0  0  0255255255255255255255255255255255255255255255255255255255255255255255255255255255255255255255255255255255255255255255255  0255255255255255255255255255255255255255255255255255255255255255255255255255255255255255255255255255255255255255255255255255  0  0  0  0  0  0  0  0  0  0  0  0  0  0  0  0  0  0  0  0  0  0  0  0  0  0  0  0  0  0
  0  0  0  0  0  0  0  0  0  0  0  0  0  0  0  0  0  0  0  0  0  0  0  0  0  0  0  0  0  0  0  0  0  0  0  0  0  0  0  0  0  0  0  0  0  0  0255255255255255255255255255255255255255255255255255255255255255255255255255255255255255255255255255255255255255255255255255  0255255255255255255255255255255255255255255255255255255255255255255255255255255255255255255255255255255255255255255255255255255  0  0  0  0  0  0  0  0  0  0  0  0  0  0  0  0  0  0  0  0  0  0  0  0  0  0  0  0  0
  0  0  0  0  0  0  0  0  0  0  0  0  0  0  0  0  0  0  0  0  0  0  0  0  0  0  0  0  0  0  0  0  0  0  0  0  0  0  0  0  0  0  0  0  0  0255255255255255255255255255255255255255255255255255255255255255255255255255255255255255255255255255255255255255255255255255255  0255255255255255255255255255255255255255255255255255255255255255255255255255255255255255255255255255255255255255255255255255255255  0  0  0  0  0  0  0  0  0  0  0  0  0  0  0  0  0  0  0  0  0  0  0  0  0  0  0  0
  0  0  0  0  0  0  0  0  0  0  0  0  0  0  0  0  0  0  0  0  0  0  0  0  0  0  0  0  0  0  0  0  0  0  0  0  0  0  0  0  0  0  0  0  0255255255255255255255255255255255255255255255255255255255255255255255255255255255255255255255255255255255255255255255255255255255  0255255255255255255255255255255255255255255255255255255255255255255255255255255255255255255255255255255255255255255255255255255255255  0  0  0  0  0  0  0  0  0  0  0  0  0  0  0  0  0  0  0  0  0  0  0  0  0  0  0
  0  0  0  0  0  0  0  0  0  0  0  0  0  0  0  0  0  0  0  0  0  0  0  0  0  0  0  0  0  0  0  0  0  0  0  0  0  0  0  0  0  0  0  0  0255255255255255255255255255255255255255255255255255255255255255255255255255255255255255255255255255255255255255255255255255255255  0255255255255255255255255255255255255255255255255255255255255255255255255255255255255255255255255255255255255255255255255255255255255  0  0  0  0  0  0  0  0  0  0  0  0  0  0  0  0  0  0  0  0  0  0  0  0  0  0  0
  0  0  0  0  0  0  0  0  0  0  0  0  0  0  0  0  0  0  0  0  0  0  0  0  0  0  0  0  0  0  0  0  0  0  0  0  0  0  0  0  0  0  0  0255255255255255255255255255255255255255255255255255255255255255255255255255255255255255255255255255255255255255255255255255255255255  0255255255255255255255255255255255255255255255255255255255255255255255255255255255255255255255255255255255255255255255255255255255255255  0  0  0  0  0  0  0  0  0  0  0  0  0  0  0  0  0  0  0  0  0  0  0  0  0  0
  0  0  0  0  0  0  0  0  0  0  0  0  0  0  0  0  0  0  0  0  0  0  0  0  0  0  0  0  0  0  0  0  0  0  0  0  0  0  0  0  0  0  0255255255255255255255255255255255255255255255255255255255255255255255255255255255255255255255255255255255255255255255255255255255255255  0255255255255255255255255255255255255255255255255255255255255255255255255255255255255255255255255255255255255255255255255255255255255255255  0  0  0  0  0  0  0  0  0  0  0  0  0  0  0  0  0  0  0  0  0  0  0  0  0
  0  0  0  0  0  0  0  0  0  0  0  0  0  0  0  0  0  0  0  0  0  0  0  0  0  0  0  0  0  0  0  0  0  0  0  0  0  0  0  0  0  0255255255255255255255255255255255255255255255255255255255255255255255255255255255255255255255255255255255255255255255255255255255255255255  0255255255255255255255255255255255255255255255255255255255255255255255255255255255255255255255255255255255255255255255255255255255255255255  0  0  0  0  0  0  0  0  0  0  0  0  0  0  0  0  0  0  0  0  0  0  0  0  0
  0  0  0  0  0  0  0  0  0  0  0  0  0  0  0  0  0  0  0  0  0  0  0  0  0  0  0  0  0  0  0  0  0  0  0  0  0  0  0  0  0  0255255255255255255255255255255255255255255255255255255255255255255255255255255255255255255255255255255255255255255255255255255255255255255  0255255255255255255255255255255255255255255255255255255255255255255255255255255255255255255255255255255255255255255255255255255255255255255255  0  0  0  0  0  0  0  0  0  0  0  0  0  0  0  0  0  0  0  0  0  0  0  0
  0  0  0  0  0  0  0  0  0  0  0  0  0  0  0  0  0  0  0  0  0  0  0  0  0  0  0  0  0  0  0  0  0  0  0  0  0  0  0  0  0255255255255255255255255255255255255255255255255255255255255255255255255255255255255255255255255255255255255255255255255255255255255255255255  0255255255255255255255255255255255255255255255255255255255255255255255255255255255255255255255255255255255255255255255255255255255255255255255255  0  0  0  0  0  0  0  0  0  0  0  0  0  0  0  0  0  0  0  0  0  0  0
  0  0  0  0  0  0  0  0  0  0  0  0  0  0  0  0  0  0  0  0  0  0  0  0  0  0  0  0  0  0  0  0  0  0  0  0  0  0  0  0255255255255255255255255255255255255255255255255255255255255255255255255255255255255255255255255255255255255255255255255255255255255255255255255  0255255255255255255255255255255255255255255255255255255255255255255255255255255255255255255255255255255255255255255255255255255255255255255255255255  0  0  0  0  0  0  0  0  0  0  0  0  0  0  0  0  0  0  0  0  0  0
  0  0  0  0  0  0  0  0  0  0  0  0  0  0  0  0  0  0  0  0  0  0  0  0  0  0  0  0  0  0  0  0  0  0  0  0  0  0  0  0255255255255255255255255255255255255255255255255255255255255255255255255255255255255255255255255255255255255255255255255255255255255255255255255  0255255255255255255255255255255255255255255255255255255255255255255255255255255255255255255255255255255255255255255255255255255255255255255255255255  0  0  0  0  0  0  0  0  0  0  0  0  0  0  0  0  0  0  0  0  0  0
  0  0  0  0  0  0  0  0  0  0  0  0  0  0  0  0  0  0  0  0  0  0  0  0  0  0  0  0  0  0  0  0  0  0  0  0  0  0  0255255255255255255255255255255255255255255255255255255255255255255255255255255255255255255255255255255255255255255255255255255255255255255255255255  0255255255255255255255255255255255255255255255255255255255255255255255255255255255255255255255255255255255255255255255255255255255255255255255255255255  0  0  0  0  0  0  0  0  0  0  0  0  0  0  0  0  0  0  0  0  0
  0  0  0  0  0  0  0  0  0  0  0  0  0  0  0  0  0  0  0  0  0  0  0  0  0  0  0  0  0  0  0  0  0  0  0  0  0  0255255255255255255255255255255255255255255255255255255255255255255255255255255255255255255255255255255255255255255255255255255255255255255255255255255  0255255255255255255255255255255255255255255255255255255255255255255255255255255255255255255255255255255255255255255255255255255255255255255255255255255255  0  0  0  0  0  0  0  0  0  0  0  0  0  0  0  0  0  0  0  0
  0  0  0  0  0  0  0  0  0  0  0  0  0  0  0  0  0  0  0  0  0  0  0  0  0  0  0  0  0  0  0  0  0  0  0  0  0  0255255255255255255255255255255255255255255255255255255255255255255255255255255255255255255255255255255255255255255255255255255255255255255255255255255255  0255255255255255255255255255255255255255255255255255255255255255255255255255255255255255255255255255255255255255255255255255255255255255255255255255255255  0  0  0  0  0  0  0  0  0  0  0  0  0  0  0  0  0  0  0
  0  0  0  0  0  0  0  0  0  0  0  0  0  0  0  0  0  0  0  0  0  0  0  0  0  0  0  0  0  0  0  0  0  0  0  0  0255255255255255255255255255255255255255255255255255255255255255255255255255255255255255255255255255255255255255255255255255255255255255255255255255255255  0255255255255255255255255255255255255255255255255255255255255255255255255255255255255255255255255255255255255255255255255255255255255255255255255255255255255  0  0  0  0  0  0  0  0  0  0  0  0  0  0  0  0  0  0  0
  0  0  0  0  0  0  0  0  0  0  0  0  0  0  0  0  0  0  0  0  0  0  0  0  0  0  0  0  0  0  0  0  0  0  0  0255255255255255255255255255255255255255255255255255255255255255255255255255255255255255255255255255255255255255255255255255255255255255255255255255255255255  0255255255255255255255255255255255255255255255255255255255255255255255255255255255255255255255255255255255255255255255255255255255255255255255255255255255255255  0  0  0  0  0  0  0  0  0  0  0  0  0  0  0  0  0  0
  0  0  0  0  0  0  0  0  0  0  0  0  0  0  0  0  0  0  0  0  0  0  0  0  0  0  0  0  0  0  0  0  0  0  0255255255255255255255255255255255255255255255255255255255255255255255255255255255255255255255255255255255255255255255255255255255255255255255255255255255255255  0255255255255255255255255255255255255255255255255255255255255255255255255255255255255255255255255255255255255255255255255255255255255255255255255255255255255255255  0  0  0  0  0  0  0  0  0  0  0  0  0  0  0  0  0
  0  0  0  0  0  0  0  0  0  0  0  0  0  0  0  0  0  0  0  0  0  0  0  0  0  0  0  0  0  0  0  0  0  0  0255255255255255255255255255255255255255255255255255255255255255255255255255255255255255255255255255255255255255255255255255255255255255255255255255255255255255255  0255255255255255255255255255255255255255255255255255255255255255255255255255255255255255255255255255255255255255255255255255255255255255255255255255255255255255255  0  0  0  0  0  0  0  0  0  0  0  0  0  0  0  0
  0  0  0  0  0  0  0  0  0  0  0  0  0  0  0  0  0  0  0  0  0  0  0  0  0  0  0  0  0  0  0  0  0  0255255255255255255255255255255255255255255255255255255255255255255255255255255255255255255255255255255255255255255255255255255255255255255255255255255255255255255  0255255255255255255255255255255255255255255255255255255255255255255255255255255255255255255255255255255255255255255255255255255255255255255255255255255255255255255255  0  0  0  0  0  0  0  0  0  0  0  0  0  0  0  0
  0  0  0  0  0  0  0  0  0  0  0  0  0  0  0  0  0  0  0  0  0  0  0  0  0  0  0  0  0  0  0  0  0255255255255255255255255255255255255255255255255255255255255255255255255255255255255255255255255255255255255255255255255255255255255255255255255255255255255255255255  0255255255255255255255255255255255255255255255255255255255255255255255255255255255255255255255255255255255255255255255255255255255255255255255255255255255255255255255255  0  0  0  0  0  0  0  0  0  0  0  0  0  0  0
  0  0  0  0  0  0  0  0  0  0  0  0  0  0  0  0  0  0  0  0  0  0  0  0  0  0  0  0  0  0  0  0  0255255255255255255255255255255255255255255255255255255255255255255255255255255255255255255255255255255255255255255255255255255255255255255255255255255255255255255255255  0255255255255255255255255255255255255255255255255255255255255255255255255255255255255255255255255255255255255255255255255255255255255255255255255255255255255255255255255  0  0  0  0  0  0  0  0  0  0  0  0  0  0
  0  0  0  0  0  0  0  0  0  0  0  0  0  0  0  0  0  0  0  0  0  0  0  0  0  0  0  0  0  0  0  0255255255255255255255255255255255255255255255255255255255255255255255255255255255255255255255255255255255255255255255255255255255255255255255255255255255255255255255255  0255255255255255255255255255255255255255255255255255255255255255255255255255255255255255255255255255255255255255255255255255255255255255255255255255255255255255255255255255  0  0  0  0  0  0  0  0  0  0  0  0  0  0
  0  0  0  0  0  0  0  0  0  0  0  0  0  0  0  0  0  0  0  0  0  0  0  0  0  0  0  0  0  0  0255255255255255255255255255255255255255255255255255255255255255255255255255255255255255255255255255255255255255255255255255255255255255255255255255255255255255255255255255  0255255255255255255255255255255255255255255255255255255255255255255255255255255255255255255255255255255255255255255255255255255255255255255255255255255255255255255255255255255  0  0  0  0  0  0  0  0  0  0  0  0  0
  0  0  0  0  0  0  0  0  0  0  0  0  0  0  0  0  0  0  0  0  0  0  0  0  0  0  0  0  0  0  0255255255255255255255255255255255255255255255255255255255255255255255255255255255255255255255255255255255255255255255255255255255255255255255255255255255255255255255255255255  0255255255255255255255255255255255255255255255255255255255255255255255255255255255255255255255255255255255255255255255255255255255255255255255255255255255255255255255255255255  0  0  0  0  0  0  0  0  0  0  0  0
  0  0  0  0  0  0  0  0  0  0  0  0  0  0  0  0  0  0  0  0  0  0  0  0  0  0  0  0  0  0255255255255255255255255255255255255255255255255255255255255255255255255255255255255255255255255255255255255255255255255255255255255255255255255255255255255255255255255255255255  0255255255255255255255255255255255255255255255255255255255255255255255255255255255255255255255255255255255255255255255255255255255255255255255255255255255255255255255255255255255  0  0  0  0  0  0  0  0  0  0  0
  0  0  0  0  0  0  0  0  0  0  0  0  0  0  0  0  0  0  0  0  0  0  0  0  0  0  0  0  0255255255255255255255255255255255255255255255255255255255255255255255255255255255255255255255255255255255255255255255255255255255255255255255255255255255255255255255255255255255  0255255255255255255255255255255255255255255255255255255255255255255255255255255255255255255255255255255255255255255255255255255255255255255255255255255255255255255255255255255255255  0  0  0  0  0  0  0  0  0  0  0
  0  0  0  0  0  0  0  0  0  0  0  0  0  0  0  0  0  0  0  0  0  0  0  0  0  0  0  0255255255255255255255255255255255255255255255255255255255255255255255255255255255255255255255255255255255255255255255255255255255255255255255255255255255255255255255255255255255255  0255255255255255255255255255255255255255255255255255255255255255255255255255255255255255255255255255255255255255255255255255255255255255255255255255255255255255255255255255255255255255  0  0  0  0  0  0  0  0  0  0
  0  0  0  0  0  0  0  0  0  0  0  0  0  0  0  0  0  0  0  0  0  0  0  0  0  0  0  0255255255255255255255255255255255255255255255255255255255255255255255255255255255255255255255255255255255255255255255255255255255255255255255255255255255255255255255255255255255255255  0255255255255255255255255255255255255255255255255255255255255255255255255255255255255255255255255255255255255255255255255255255255255255255255255255255255255255255255255255255255255255  0  0  0  0  0  0  0  0  0
  0  0  0  0  0  0  0  0  0  0  0  0  0  0  0  0  0  0  0  0  0  0  0  0  0  0255255255255255255255255255255255255255255255255255255255255255255255255255255255255255255255255255255255255255255255255255255255255255255255255255255255255255255255255255255255255255255  0255255255255255255255255255255255255255255255255255255255255255255255255255255255255255255255255255255255255255255255255255255255255255255255255255255255255255255255255255255255255255255255  0  0  0  0  0  0  0  0
  0  0  0  0  0  0  0  0  0  0  0  0  0  0  0  0  0  0  0  0  0  0  0  0  0255255255255255255255255255255255255255255255255255255255255255255255255255255255255255255255255255255255255255255255255255255255255255255255255255255255255255255255255255255255255255255255  0255255255255255255255255255255255255255255255255255255255255255255255255255255255255255255255255255255255255255255255255255255255255255255255255255255255255255255255255255255255255255255255  0  0  0  0  0  0  0  0
  0  0  0  0  0  0  0  0  0  0  0  0  0  0  0  0  0  0  0  0  0  0  0  0255255255255255255255255255255255255255255255255255255255255255255255255255255255255255255255255255255255255255255255255255255255255255255255255255255255255255255255255255255255255255255255255  0255255255255255255255255255255255255255255255255255255255255255255255255255255255255255255255255255255255255255255255255255255255255255255255255255255255255255255255255255255255255255255255255  0  0  0  0  0  0  0
  0  0  0  0  0  0  0  0  0  0  0  0  0  0  0  0  0  0  0  0  0  0  0255255255255255255255255255255255255255255255255255255255255255255255255255255255255255255255255255255255255255255255255255255255255255255255255255255255255255255255255255255255255255255255255255  0255255255255255255255255255255255255255255255255255255255255255255255255255255255255255255255255255255255255255255255255255255255255255255255255255255255255255255255255255255255255255255255255255  0  0  0  0  0  0
  0  0  0  0  0  0  0  0  0  0  0  0  0  0  0  0  0  0  0  0  0  0  0255255255255255255255255255255255255255255255255255255255255255255255255255255255255255255255255255255255255255255255255255255255255255255255255255255255255255255255255255255255255255255255255255  0255255255255255255255255255255255255255255255255255255255255255255255255255255255255255255255255255255255255255255255255255255255255255255255255255255255255255255255255255255255255255255255255255  0  0  0  0  0  0
  0  0  0  0  0  0  0  0  0  0  0  0  0  0  0  0  0  0  0  0  0  0255255255255255255255255255255255255255255255255255255255255255255255255255255255255255255255255255255255255255255255255255255255255255255255255255255255255255255255255255255255255255255255255255255  0255255255255255255255255255255255255255255255255255255255255255255255255255255255255255255255255255255255255255255255255255255255255255255255255255255255255255255255255255255255255255255255255255255  0  0  0  0  0
  0  0  0  0  0  0  0  0  0  0  0  0  0  0  0  0  0  0  0  0  0255255255255255255255255255255255255255255255255255255255255255255255255255255255255255255255255255255255255255255255255255255255255255255255255255255255255255255255255255255255255255255255255255255255  0255255255255255255255255255255255255255255255255255255255255255255255255255255255255255255255255255255255255255255255255255255255255255255255255255255255255255255255255255255255255255255255255255255255  0  0  0  0
  0  0  0  0  0  0  0  0  0  0  0  0  0  0  0  0  0  0  0  0255255255255255255255255255255255255255255255255255255255255255255255255255255255255255255255255255255255255255255255255255255255255255255255255255255255255255255255255255255255255255255255255255255255255  0255255255255255255255255255255255255255255255255255255255255255255255255255255255255255255255255255255255255255255255255255255255255255255255255255255255255255255255255255255255255255255255255255255255255  0  0  0
  0  0  0  0  0  0  0  0  0  0  0  0  0  0  0  0  0  0  0  0255255255255255255255255255255255255255255255255255255255255255255255255255255255255255255255255255255255255255255255255255255255255255255255255255255255255255255255255255255255255255255255255255255255255  0255255255255255255255255255255255255255255255255255255255255255255255255255255255255255255255255255255255255255255255255255255255255255255255255255255255255255255255255255255255255255255255255255255255255  0  0  0
  0  0  0  0  0  0  0  0  0  0  0  0  0  0  0  0  0  0  0255255255255255255255255255255255255255255255255255255255255255255255255255255255255255255255255255255255255255255255255255255255255255255255255255255255255255255255255255255255255255255255255255255255255255  0255255255255255255255255255255255255255255255255255255255255255255255255255255255255255255255255255255255255255255255255255255255255255255255255255255255255255255255255255255255255255255255255255255255255255  0  0
  0  0  0  0  0  0  0  0  0  0  0  0  0  0  0  0  0  0255255255255255255255255255255255255255255255255255255255255255255255255255255255255255255255255255255255255255255255255255255255255255255255255255255255255255255255255255255255255255255255255255255255255255255  0255255255255255255255255255255255255255255255255255255255255255255255255255255255255255255255255255255255255255255255255255255255255255255255255255255255255255255255255255255255255255255255255255255255255255255  0
  0  0  0  0  0  0  0  0  0  0  0  0  0  0  0  0  0255255255255255255255255255255255255255255255255255255255255255255255255255255255255255255255255255255255255255255255255255255255255255255255255255255255255255255255255255255255255255255255255255255255255255255255  0255255255255255255255255255255255255255255255255255255255255255255255255255255255255255255255255255255255255255255255255255255255255255255255255255255255255255255255255255255255255255255255255255255255255255255255
  0  0  0  0  0  0  0  0  0  0  0  0  0  0  0  0  0255255255255255255255255255255255255255255255255255255255255255255255255255255255255255255255255255255255255255255255255255255255255255255255255255255255255255255255255255255255255255255255255255255255255255255255  0255255255255255255255255255255255255255255255255255255255255255255255255255255255255255255255255255255255255255255255255255255255255255255255255255255255255255255255255255255255255255255255255255255255255255255255
255  0  0  0  0  0  0  0  0  0  0  0  0  0  0  0255255255255255255255255255255255255255255255255255255255255255255255255255255255255255255255255255255255255255255255255255255255255255255255255255255255255255255255255255255255255255255255255255255255255255255255255  0255255255255255255255255255255255255255255255255255255255255255255255255255255255255255255255255255255255255255255255255255255255255255255255255255255255255255255255255255255255255255255255255255255255255255255255
255  0  0  0  0  0  0  0  0  0  0  0  0  0  0255255255255255255255255255255255255255255255255255255255255255255255255255255255255255255255255255255255255255255255255255255255255255255255255255255255255255255255255255255255255255255255255255255255255255255255255  0255255255255255255255255255255255255255255255255255255255255255255255255255255255255255255255255255255255255255255255255255255255255255255255255255255255255255255255255255255255255255255255255255255255255255255255255
255255  0  0  0  0  0  0  0  0  0  0  0  0255255255255255255255255255255255255255255255255255255255255255255255255255255255255255255255255255255255255255255255255255255255255255255255255255255255255255255255255255255255255255255255255255255255255255255255255  0255255255255255255255255255255255255255255255255255255255255255255255255255255255255255255255255255255255255255255255255255255255255255255255255255255255255255255255255255255255255255255255255255255255255255255255255255
255255255  0  0  0  0  0  0  0  0  0  0  0255255255255255255255255255255255255255255255255255255255255255255255255255255255255255255255255255255255255255255255255255255255255255255255255255255255255255255255255255255255255255255255255255255255255255255255255255255255255255255255255255255255255255255255255255255255255255255255255255255255255255255255255255255255255255255255255255255255255255255255255255255255255255255255255255255255255255255255255255255255255255255255255255255
255255255255  0  0  0  0  0  0  0  0  0255255255255255255255255255255255255255255255255255255255255255255255255255255255255255255255255255255255255255255255255255255255255255255255255255255255255255255255255255255255255255255255255255255255255255255255255255255255255255255255255255255255255255255255255255255255255255255255255255255255255255255255255255255255255255255255255255255255255255255255255255255255255255255255255255255255255255255255255255255255255255255255255255255255
255255255255  0  0  0  0  0  0  0  0255255255255255255255255255255255255255255255255255255255255255255255255255255255255255255255255255255255255255255255255255255255255255255255255255255255255255255255255255255255255255255255255255255255255255255255255255255255255255255255255255255255255255255255255255255255255255255255255255255255255255255255255255255255255255255255255255255255255255255255255255255255255255255255255255255255255255255255255255255255255255255255255255255255255
255255255255255  0  0  0  0  0  0  0255255255255255255255255255255255255255255255255255255255255255255255255255255255255255255255255255255255255255255255255255255255255255255255255255255255255255255255255255255255255255255255255255255255255255255255255255255255255255255255255255255255255255255255255255255255255255255255255255255255255255255255255255255255255255255255255255255255255255255255255255255255255255255255255255255255255255255255255255255255255255255255255255255255255
  0255255255255255  0  0  0  0  0255255255255255255255255255255255255255255255255255255255255255255255255255255255255255255255255255255255255255255255255255255255255255255255255255255255255255255255255255255255255255255255255255255255255255255255255255255255255255255255255255255255255255255255255255255255255255255255255255255255255255255255255255255255255255255255255255255255255255255255255255255255255255255255255255255255255255255255255255255255255255255255255255255255255255
